VMV_Code
202
210
211
2021
2041
2081
6002
6104
6201
6301
6401
6902
7570
7603
7902
8101
8501
9117
10111
10151
10301
10406
10451
10602
10650
11103
11250
12102
14108
15104
15406
15901
16306
17206
19103
20103
36002
36014
100081
100082
100083
100084
100085
100086
100087
100088
100089
100090
100091
100092
100093
100094
100095
100096
100097
100098
100099
100100
100101
100216
100217
100218
100219
100220
100221
100222
100223
100224
100225
100226
100227
100228
100229
100230
100231
100232
100233
100234
100235
100253
100254
100304
100306
106001
109026
109027
109028