VMV_Code
201
202
210
211
619
620
621
622
623
624
626
627
628
629
640
641
642
643
644
645
646
647
648
649
650
651
652
653
654
655
656
657
658
659
660
661
662
663
664
665
666
667
668
669
670
671
672
673
674
675
676
677
678
679
680
681
682
683
684
685
686
687
688
689
690
691
692
693
694
695
696
697
698
699
700
701
702
703
704
705
706
707
708
709
710
711
712
713
714
715
716
717
718
719
720
953
1047
1050
1336
1337
1338
1339
1340
1341
1342
1343
1344
1345
1346
1347
1348
1349
1350
1351
1352
1353
1354
1355
1356
1357
1358
1359
1360
1361
1362
1363
1364
1365
1366
1367
1368
1369
1370
1371
1372
1373
1374
1375
1376
1377
1378
1379
1380
1381
1382
1383
1384
1385
1386
1387
1388
1742
1906
1967
1968
2011
2021
2034
2041
2061
2073
2081
2241
2242
2243
2244
2245
2246
2247
2248
2671
2674
4099
4100
4801
5078
5730
5731
5732
5733
5734
5735
5736
5737
5738
5739
5740
5741
5742
5743
5744
5745
5746
5747
5748
5749
5750
5889
5890
5891
6002
6021
6022
6023
6024
6025
6026
6027
6028
6029
6030
6031
6032
6033
6034
6035
6036
6037
6038
6039
6040
6041
6042
6043
6044
6045
6046
6047
6048
6049
6050
6055
6056
6058
6059
6060
6101
6102
6104
6105
6114
6115
6201
6301
6401
6500
6527
6528
6529
6612
6901
6902
6912
7105
7110
7422
7423
7424
7425
7426
7427
7428
7429
7430
7431
7432
7433
7434
7435
7436
7437
7438
7439
7440
7441
7442
7443
7444
7445
7446
7447
7448
7449
7450
7451
7452
7453
7454
7455
7456
7457
7458
7459
7460
7461
7462
7463
7464
7465
7466
7467
7468
7469
7470
7471
7472
7473
7474
7475
7476
7477
7478
7479
7480
7481
7482
7483
7484
7485
7540
7551
7556
7557
7562
7563
7570
7603
7657
7658
7901
7902
7912
8005
8006
8007
8008
8010
8011
8012
8013
8021
8023
8027
8029
8031
8040
8041
8042
8043
8044
8045
8046
8047
8048
8049
8050
8052
8053
8056
8058
8060
8062
8063
8064
8065
8066
8067
8068
8069
8070
8071
8073
8075
8076
8079
8080
8081
8082
8083
8084
8085
8086
8101
8102
8401
8501
9104
9117
10101
10110
10111
10151
10301
10401
10406
10451
10501
10602
10603
10650
11103
11201
11250
12102
14102
14108
15102
15104
15257
15406
15411
15413
15423
15465
15901
16303
16306
16309
17203
17206
17209
17811
17814
18000
18005
18010
18013
18020
18027
18028
18029
18030
18035
18039
18040
18044
18045
18050
18055
18059
18060
18064
18065
18070
18075
18081
18083
18085
18087
18125
18127
18130
18134
18140
18144
18150
18154
18158
18164
19103
20101
20103
24053
25053
25101
25304
26053
26102
26302
27053
28053
29053
29306
30053
30304
36002
36013
36014
36103
48053
58501
60132
61391
74343
74344
74475
82053
82301
96006
96211
96212
96213
96214
96215
96216
96217
96218
96219
96220
96221
96222
96223
96224
96225
96226
96550
96551
96552
96553
96554
96555
96556
96557
96558
96559
96560
96561
96562
96563
96564
96565
96911
96912
96913
96914
96915
96916
96917
96918
96919
96920
96921
96922
96923
96924
96925
96926
96927
96928
96929
97163
97167
97183
97184
97501
97502
97503
97504
97505
97506
97507
97508
97509
97510
97511
97512
97513
97514
97515
97516
97517
97518
97519
97520
97521
97522
97523
97524
97525
97527
97528
97529
97530
97531
97532
97958
97962
97963
97964
97965
97966
97967
97968
97969
97970
97971
97972
97973
97974
97975
97976
97977
97978
97979
97980
97981
97982
97983
97984
97985
97986
97987
97988
97989
97991
97992
97993
97994
97995
97996
97997
97998
97999
100081
100082
100083
100084
100085
100086
100087
100088
100089
100090
100091
100092
100093
100094
100095
100096
100097
100098
100099
100100
100101
100216
100217
100218
100219
100220
100221
100222
100223
100224
100225
100226
100227
100228
100229
100230
100231
100232
100233
100234
100235
100253
100254
100263
100300
100304
100306
100324
100404
100416
100417
100418
100419
100420
100431
100432
100433
100434
100499
100500
100667
100668
100669
100670
100671
100672
100673
100674
100675
100676
100677
100678
100679
100680
100681
100682
100683
100684
100685
100686
100687
100688
100689
100690
100691
100692
100693
100694
100695
100696
100697
101401
102026
102088
102091
102092
102093
102094
102095
102096
102097
102098
102099
102100
102101
102102
102103
102104
102105
102106
102107
102108
102109
102110
102111
102122
102123
102124
102125
102126
102127
102128
102129
102130
102131
102132
102133
102134
102135
102136
102137
102138
102139
102140
102141
102142
102143
102144
102145
102146
102147
102148
102149
102231
102232
102233
102234
102235
102236
102237
102238
102239
102240
102241
102242
102243
102244
102245
102246
102247
102248
102249
102250
102251
102252
102253
102254
102255
102256
102257
102258
102259
102260
102261
102262
102263
102264
102265
102266
102267
102268
102269
102270
102271
102272
102273
102274
102275
102276
102277
102278
102279
102280
102281
102282
102283
102284
102285
102286
102287
102288
102289
102559
102609
102610
102611
102612
102613
102614
102615
102618
103130
103131
103187
103188
103189
103190
103191
103192
103193
103194
103195
103196
103197
103198
103199
103200
103201
103202
103203
103204
103206
103207
103208
103209
103210
103211
103212
103213
103214
103215
103216
103364
103365
103366
103367
103368
103369
103370
103371
103372
103373
103374
103375
103376
103377
103378
103379
103380
103381
103382
103383
103384
103385
103386
103387
103454
103713
103714
103715
103716
103717
103718
103719
103721
103727
103728
103729
103730
103733
103735
103738
103740
103759
104788
106000
106001
106002
106003
106004
106005
106006
106007
106008
106009
106014
106016
106017
106018
106023
106024
106025
106026
106027
106028
106029
106030
106031
106032
106153
106154
106155
106156
106157
106158
106159
106160
107055
107056
107200
107205
107251
107428
107904
107905
107906
107907
107908
107909
107910
107911
107912
107913
107914
107915
107916
107917
107918
107919
107920
107921
107922
107923
107924
107925
107927
107928
107929
107930
107931
107932
107933
107934
107935
107936
107937
107938
107939
107940
107941
107942
107943
107944
107945
107946
107947
107948
107949
107950
107951
107952
107953
107954
107955
107956
107957
107958
107959
107960
107961
107963
107964
107965
107966
107967
107968
107969
107970
107971
107972
107973
107974
107975
108310
108311
108312
108664
108665
108666
108667
108668
108669
108670
108671
108672
108673
108674
108675
108676
108677
108678
108679
108680
108681
108682
108683
108684
108685
108686
108687
108688
108689
108690
108691
108692
108693
108694
108695
108696
108697
108698
108699
108700
108701
108702
108703
108704
108705
108706
108707
108708
108709
108710
108711
108712
108713
108714
108715
108716
108717
108718
108719
108720
108721
108722
108723
108724
108725
108726
108727
108728
108729
108730
108731
108732
108733
108734
108735
108736
108737
108738
108739
108740
108741
108742
108743
108744
108745
108746
108747
108748
108749
108750
108751
108752
108753
108754
108755
108756
108757
108767
108768
108822
108827
108835
108836
108837
108861
108864
108865
108939
108940
109026
109027
109028
109109
109110
109111
109112
109113
109527
109584
109585
109586
109587
109588
109589
109590
109591
109592
109611
109612
109613
109614
109615
109616
109617
109618
109619
109620
109621
109622
109623
109624
109625
109626
109627
109628
109629
109630
109631
109632
109633
109634
109635
109636
109637
109638
109639
109640
109658
109659
109660
109661
109662
109663
109664
109665
109666
109667
109668
109669
109670
109671
109672
109673
109674
109675
109676
109677
109678
109679
109680
109681
109682
109683
109684
109748
109750
110001
110003
111116
111123
111124
111125
111126
111127
111128
111131
111132
111133
111134
111135
111136
111137
111138
111139
111140
111141
111142
111143
111144
111145
111146
111147
111148
111149
111150
111151
111152
111153
111154
111155
111156
111157
111158
111159
111160
111161
111162
111163
111164
111165
111166
111167
111168
111169
111170
111171
111172