VMV_Code
77
201
202
210
211
1047
1050
1710
1711
1712
1713
1714
1715
1742
1967
1968
2021
2034
2041
2061
2081
2093
2420
2421
2674
2730
2731
2732
2733
2750
2751
2752
2753
2766
3009
4010
4099
4100
5108
5407
5408
5409
6002
6021
6022
6023
6024
6025
6026
6027
6028
6029
6030
6031
6032
6033
6034
6035
6036
6037
6038
6039
6040
6041
6042
6043
6044
6045
6046
6047
6048
6049
6050
6055
6056
6057
6058
6059
6101
6102
6104
6105
6114
6115
6201
6301
6401
6527
6528
6529
6612
6613
6902
6912
7110
7260
7422
7423
7424
7425
7426
7427
7428
7429
7430
7431
7432
7433
7434
7435
7436
7437
7438
7439
7440
7441
7442
7443
7444
7445
7446
7447
7448
7449
7450
7451
7452
7453
7454
7455
7456
7457
7458
7459
7460
7461
7462
7463
7464
7465
7466
7467
7468
7469
7470
7471
7472
7473
7474
7475
7476
7477
7478
7479
7480
7481
7482
7483
7484
7485
7556
7557
7562
7563
7566
7570
7603
7902
7912
8005
8006
8007
8008
8010
8011
8012
8013
8021
8023
8027
8029
8031
8040
8041
8042
8043
8044
8045
8046
8047
8048
8049
8050
8052
8053
8056
8058
8060
8062
8063
8064
8065
8066
8067
8068
8069
8070
8071
8073
8075
8076
8079
8080
8081
8082
8083
8084
8085
8086
8101
8102
8501
9117
10101
10110
10111
10151
10301
10406
10451
10602
10650
11005
11102
11103
11201
11250
12005
12102
13009
14108
15102
15104
15265
15403
15406
15411
15463
15901
16306
16309
17206
17209
17811
18000
18005
18010
18020
18030
18040
18045
18050
18055
18060
18065
18070
18075
18125
18130
18140
18150
18164
19005
19103
19106
20005
20103
23009
23053
24009
24053
25010
25053
26004
26009
26053
27009
27053
28009
28053
29009
29053
30009
30053
33011
33108
34108
36014
36103
38009
42009
48009
48053
56009
61391
74343
80015
80562
80563
80564
80565
82009
82053
96211
96212
96213
96214
96215
96216
96217
96218
96219
96220
96221
96222
96223
96224
96225
96226
96550
96551
96552
96553
96554
96555
96556
96557
96558
96559
96560
96561
96562
96563
96564
96565
96810
96811
96812
96813
96814
96815
96816
96817
96818
96819
96820
96821
96822
96823
96824
96825
96826
96827
96828
96829
96830
96831
96832
96833
96834
96835
96836
97501
97502
97503
97504
97505
97506
97507
97508
97509
97510
97511
97512
97513
97514
97515
97516
97517
97518
97519
97520
97521
97522
97523
97524
97525
97527
97528
97529
97530
97531
97532
97958
97962
97963
97964
97965
97966
97967
97968
97969
97970
97971
97972
97973
97974
97975
97976
97977
97978
97979
97980
97981
97982
97983
97984
97985
97986
97987
97988
97989
97991
97992
97993
97994
97995
97996
97997
97998
97999
100081
100082
100083
100084
100085
100086
100087
100088
100089
100090
100091
100092
100093
100094
100095
100096
100097
100098
100099
100100
100101
100103
100105
100107
100109
100111
100113
100115
100117
100119
100121
100125
100129
100131
100133
100137
100139
100141
100147
100149
100151
100153
100216
100217
100218
100219
100220
100221
100222
100223
100224
100225
100226
100227
100228
100229
100230
100231
100232
100233
100234
100235
100253
100254
100262
100263
100300
100304
100306
100324
100404
100416
100417
100418
100419
100420
100431
100432
100433
100434
100499
100500
101401
102026
102091
102092
102093
102094
102095
102096
102097
102098
102099
102100
102101
102102
102103
102104
102105
102106
102107
102108
102109
102110
102111
102122
102123
102124
102125
102126
102127
102128
102129
102130
102131
102132
102133
102134
102135
102136
102137
102138
102139
102140
102141
102142
102143
102144
102145
102146
102147
102148
102149
102150
102151
102152
102153
102154
102155
102156
102157
102158
102159
102160
102161
102162
102163
102164
102165
102166
102167
102168
102169
102170
102171
102172
102173
102231
102232
102233
102234
102235
102236
102237
102238
102239
102240
102241
102242
102243
102244
102245
102246
102247
102248
102249
102250
102251
102252
102253
102254
102255
102256
102257
102258
102259
102260
102261
102262
102263
102264
102265
102266
102267
102268
102269
102270
102271
102272
102273
102274
102275
102276
102277
102278
102279
102280
102281
102282
102283
102284
102285
102286
102287
102288
102289
102615
102642
102644
103130
103131
103364
103365
103366
103367
103368
103369
103370
103371
103372
103373
103374
103375
103376
103377
103378
103379
103380
103381
103382
103383
103384
103385
103386
103387
103454
103713
103714
103715
103716
103717
103718
103719
103721
106000
106001
106002
106003
106004
106005
106006
106007
106008
106009
106010
106011
106012
106013
106014
106016
106017
106018
106020
106023
106024
106025
106026
106027
106028
106029
106030
106031
106032
106153
106154
106155
106156
106157
106158
106159
106160
107055
107056
107200
107205
107428
107904
107905
107906
107907
107908
107909
107910
107911
107912
107913
107914
107915
107916
107917
107918
107919
107920
107921
107922
107923
107924
107925
107927
107928
107929
107930
107931
107932
107933
107934
107935
107936
107937
107938
107939
107940
107941
107942
107943
107944
107945
107946
107947
107948
107949
107950
107951
107952
107953
107954
107955
107956
107957
107958
107959
107960
107961
107963
107964
107965
107966
107967
107968
107969
107970
107971
107972
107973
107974
107975
108310
108311
108312
108664
108862
108863
108864
108865
109026
109027
109028
109109
109110
109111
109112
109113
109312
109313
109314
109315
109316
109317
109318
109320
109321
109322
109323
109324
109325
109326
109327
109328
109329
109330
109331
109333
109334
109335
109336
109337
109338
109339
109340
109342
109527
109611
109612
109613
109614
109615
109616
109617
109618
109619
109620
109621
109622
109623
109624
109625
109626
109627
109628
109629
109630
109631
109632
109633
109634
109635
109636
109637
109638
109639
109640
109641
109642
110001