VMV_Code
77
202
210
211
1047
2021
2034
2041
2061
2081
2750
2751
2752
2753
3009
4010
6002
6021
6022
6023
6024
6025
6026
6027
6028
6029
6030
6031
6032
6033
6034
6035
6036
6037
6038
6039
6040
6041
6042
6043
6044
6045
6046
6047
6048
6049
6050
6055
6056
6058
6059
6101
6104
6105
6201
6301
6401
6612
6613
6902
7110
7260
7422
7423
7424
7425
7426
7427
7428
7429
7430
7431
7432
7433
7434
7435
7436
7437
7438
7439
7440
7441
7442
7443
7444
7445
7446
7447
7448
7449
7450
7451
7452
7453
7454
7455
7456
7457
7458
7459
7460
7461
7462
7463
7464
7465
7466
7467
7468
7469
7470
7471
7472
7473
7474
7475
7476
7477
7478
7479
7480
7481
7482
7483
7484
7485
7556
7557
7562
7563
7566
7570
7603
7902
8005
8006
8007
8008
8010
8011
8012
8013
8021
8023
8027
8029
8031
8040
8041
8042
8043
8044
8045
8046
8047
8048
8049
8050
8052
8053
8056
8058
8060
8062
8063
8064
8065
8066
8067
8068
8069
8070
8071
8073
8075
8076
8079
8080
8081
8082
8083
8084
8085
8086
8101
8102
8501
9117
10101
10111
10151
10301
10406
10451
10602
10650
11005
11103
11201
11250
12005
12102
13009
14108
15102
15104
15403
15406
15411
15463
15901
16306
16309
17206
17209
19005
19103
20005
20103
23009
24009
25010
26009
27009
28009
29009
30009
33108
34108
36002
36014
38009
42009
48009
56009
74343
82009
96211
96212
96213
96214
96215
96216
96217
96218
96219
96220
96221
96222
96223
96224
96225
96226
97501
97502
97503
97504
97505
97506
97507
97508
97509
97510
97511
97512
97513
97514
97515
97516
97517
97518
97519
97520
97521
97522
97523
97524
97525
97527
97528
97529
97530
97531
97532
97958
97962
97963
97964
97965
97966
97967
97968
97969
97970
97971
97972
97973
97974
97975
97976
97977
97978
97979
97980
97981
97982
97983
97984
97985
97986
97987
97988
97989
97991
97992
97993
97994
97995
97996
97997
97998
97999
100081
100082
100083
100084
100085
100086
100087
100088
100089
100090
100091
100092
100093
100094
100095
100096
100097
100098
100099
100100
100101
100175
100176
100177
100178
100179
100180
100181
100182
100183
100184
100185
100186
100187
100188
100189
100190
100191
100192
100193
100194
100216
100217
100218
100219
100220
100221
100222
100223
100224
100225
100226
100227
100228
100229
100230
100231
100232
100233
100234
100235
100253
100254
100300
100304
100306
100324
100431
100432
100433
100434
100499
100500
101401
102091
102092
102093
102094
102095
102096
102097
102098
102099
102100
102101
102102
102103
102104
102105
102106
102107
102108
102109
102110
102111
102122
102123
102124
102125
102126
102127
102128
102129
102130
102131
102132
102133
102134
102135
102136
102137
102138
102139
102140
102141
102142
102143
102144
102145
102146
102147
102148
102615
106000
106001
106002
106003
106004
106005
106006
106007
106008
106014
106016
106017
106018
106153
106154
106155
106156
106157
106158
106159
106160
107055
107056
107200
107205
107904
107905
107906
107907
107908
107909
107910
107911
107912
107913
107914
107915
107916
107917
107918
107919
107920
107921
107922
107923
107924
107925
107927
107928
107929
107930
107931
107932
107933
107934
107935
107936
107937
107938
107939
107940
107941
107942
107943
107944
107945
107946
107947
107948
107949
107950
107951
107952
107953
107954
107955
107956
107957
107958
107959
107960
107961
107963
107964
107965
107966
107967
107968
107969
107970
107971
107972
107973
107974
107975
108310
108311
108312
109026
109027
109028
109109
109110
109111
109112
109113
110001